trata	expH	expR	ExpoH	ExpoR	GomH	GomR	GamH	GamR	LogH	LogR
V1	0,689	0,233	0,7155	0,3684	0,017	0,9846	0,6162	1,928	0,0067	0,8503
V1	0,632	0,246	1,253	0,4785	0,1546	0,9905	2,249	1,961	0,0291	0,8525
V1	0,747	0,399	2,195	0,7148	0,8288	1,034	4,807	2,052	0,1268	0,863
V1	2,501	0,329	3,845	1,161	2,902	1,218	8,203	2,225	0,5481	0,9158
V1	4,384	1,927	6,735	1,965	7,27	1,75	12,36	2,502	2,306	1,139
V1	6,627	2,991	11,7	3,392	14,17	2,951	17,18	2,904	8,69	2,038
V1	24,167	5,694	20,66	5,905	22,84	5,06	22,62	3,449	23,41	4,96
V1	36,194	10,722	36,1	10,32	32,06	8,237	28,58	4,153	36,38	10,98
V1	1,025	0,578	0,6921	0,3846	0,0324	0,9849	0,6052	1,934	0,0121	0,8502
V1	1,576	0,585	1,173	0,5089	0,3756	0,9994	2,155	2,005	0,0958	0,8537
V1	1,906	2,309	1,987	0,7549	1,933	1,106	4,483	2,192	0,7393	0,8846
V1	3,219	1,275	3,366	1,198	5,522	1,501	7,438	2,538	4,832	1,111
V1	16,611	2,722	5,702	1,96	10,58	2,412	10,88	3,076	14,88	2,166
V1	11,694	5,111	9,661	3,291	15,67	3,943	14,6	3,835	18,35	4,12
V1	17,472	5,806	16,37	5,542	19,7	6,039	18,78	4,832	18,5	6,271
V1	25,25	8,222	27,73	9,363	22,72	8,565	23,04	6,082	18,61	8,423
V2	0,733	0,264	0,7325	0,3731	0,0169	0,9842	0,6419	1,927	0,0064	0,271
V2	0,538	0,154	1,313	0,4506	0,1554	0,9858	2,402	1,952	0,0271	0,0898
V2	0,951	0,352	2,355	0,6049	0,8495	1,001	5,231	2,024	0,1138	0,0412
V2	2,783	0,289	4,223	0,8956	3,049	1,067	9,072	2,163	0,4763	0,065
V2	3,166	1,316	7,573	1,43	7,854	1,268	13,86	2,389	1,962	0,2403
V2	4,6	1,948	13,58	2,401	15,68	1,723	19,55	2,723	7,596	0,9527
V2	24,667	3,75	24,35	4,152	25,85	2,548	26,06	3,181	23,73	3,345
V2	46,028	8,139	43,66	7,304	36,9	3,816	33,34	3,77	46,17	8,39
V2	0,903	0,431	0,6831	0,4116	0,0395	0,9239	0,6006	1,936	0,012	0,849
V2	1,659	0,709	1,142	0,5485	0,4827	0,8862	2,118	2,02	0,0941	0,852
V2	3,458	1,081	1,9	0,791	2,395	0,9731	4,361	2,238	0,7187	0,8817
V2	2,753	2,006	3,194	1,209	6,324	1,405	7,157	2,636	4,643	1,092
V2	15,722	2,111	5,34	1,919	11,13	2,365	10,36	3,25	14,15	2,057
V2	13,389	4,111	8,92	3,117	15,34	3,842	13,84	4,105	17,42	3,846
V2	17	6,083	14,93	5,128	18,35	5,688	17,48	5,217	17,67	5,795
V2	21,417	7,333	24,97	8,5	20,26	7,73	21,2	6,595	17,68	7,754
V3	0,517	0,261	0,7325	0,4117	0,0192	0,9846	0,6241	1,925	0,0065	0,7537
V3	0,814	0,287	1,314	0,5634	0,1861	0,9919	2,311	1,941	0,0273	0,6711
V3	1,143	0,451	2,355	0,8546	1,026	1,046	5,016	1,987	0,1154	0,6105
V3	2,798	0,489	4,224	1,394	3,593	1,281	8,694	2,075	0,4849	0,6094
V3	3,745	1,668	7,574	2,375	8,869	1,961	13,2	2,219	2,005	0,8274
V3	4,917	2,221	13,58	4,149	16,85	3,428	18,79	2,432	7,769	1,89
V3	25,306	5,583	24,35	7,342	26,43	5,95	25,12	2,725	24,09	5,739
V3	45,861	15,028	43,67	13,08	36,17	9,674	32,26	3,11	46,08	15,1
V3	0,953	0,525	0,6936	0,4151	0,0383	0,9849	0,6067	1,933	0,0122	0,8502
V3	1,677	0,621	1,178	0,5568	0,4721	1,001	2,167	2	0,0963	0,8534
V3	3,05	2,05	1,999	0,808	2,408	1,12	4,524	2,177	0,7455	0,8823
V3	2,244	2,244	3,395	1,248	6,579	1,549	7,532	2,505	4,925	1,096
V3	17,599	3,389	5,764	2,002	11,95	2,49	11,06	3,017	15,58	2,1
V3	15,371	4,8	9,787	3,292	16,86	3,994	14,99	3,74	19,42	4,035
V3	17,111	5,528	16,62	5,491	20,52	5,964	19,23	4,696	19,7	6,145
V3	25,25	8,056	28,21	9,232	22,91	8,263	23,67	5,898	19,72	8,266
V4	0,739	0,283	0,7269	0,368	0,0176	0,9845	0,586	1,923	0,0062	0,8499
V4	0,821	0,243	1,294	0,4764	0,163	0,9897	2,123	1,922	0,025	0,8517
V4	1,003	0,368	2,302	0,7088	0,8852	1,029	4,564	1,923	0,1011	0,8627
V4	3,729	0,365	4,096	1,154	3,119	1,197	7,884	1,926	0,4071	0,9109
V4	3,796	1,718	7,289	1,972	7,83	1,694	12,06	1,931	1,621	1,108
V4	4,874	2,149	12,97	3,446	15,25	2,787	17,08	1,93	6,173	1,87
V4	20,472	4,917	23,08	6,083	24,52	4,71	22,93	1,952	20,13	4,635
V4	44,472	12,083	41,07	10,79	34,33	7,623	29,59	1,969	44,51	12,17
V4	1,111	0,686	0,6877	0,4124	0,0439	0,984	0,6037	1,934	0,0124	0,8502
V4	2,088	1,346	1,158	0,546	0,5599	1,003	2,142	2,009	0,0994	0,8533
V4	3,067	1,317	1,949	0,7835	2,766	1,134	4,44	2,203	0,7796	0,8822
V4	3,166	2,761	3,282	1,191	7,121	1,583	7,338	2,561	5,119	1,097
V4	16,609	2,539	5,526	1,886	12,18	2,514	10,6	3,116	15,22	2,081
V4	15,556	5,389	9,303	3,064	16,37	3,921	14,39	3,894	18,37	3,854
V4	16,222	5,917	15,66	5,055	19,21	5,689	18,31	4,914	18,58	5,768
V4	23	6,806	26,37	8,414	20,94	7,69	22,38	6,187	18,59	7,68
V5	0,6	0,267	0,7263	0,3947	0,0189	0,9841	0,6201	1,927	0,0066	0,8306
V5	0,778	0,368	1,291	0,5394	0,1814	0,9916	2,278	1,955	0,0286	0,8142
V5	0,906	0,459	2,296	0,8321	0,992	1,051	4,901	2,032	0,1233	0,8102
V5	4,122	0,527	4,082	1,38	3,456	1,308	8,417	2,17	0,5291	0,8578
V5	4,18	1,779	7,258	2,376	8,501	2,052	12,76	2,419	2,221	1,123
V5	5,499	2,393	12,9	4,165	16,11	3,651	17,86	2,767	8,535	2,24
V5	26,111	5,111	22,94	7,357	25,25	6,407	23,65	3,243	24,59	6,103
V5	41,111	15,139	40,79	13,04	34,52	10,45	30,08	3,861	41,56	14,67
V5	1,047	0,393	0,6945	0,2595	0,0348	0,9708	0,6063	1,933	0,0118	0,8503
V5	1,3	0,711	1,181	0,4233	0,4145	0,9744	2,163	2	0,0904	0,8538
V5	2,388	1,423	2,008	0,7188	2,136	1,08	4,511	2,176	0,6795	0,8848
V5	2,128	2,942	3,414	1,222	6,01	1,549	7,502	2,501	4,441	1,108
V5	16,618	2,083	5,804	2,078	11,32	2,605	11	3,009	14,88	2,194
V5	15,306	4,694	9,869	3,533	16,48	4,346	14,8	3,726	19,39	4,381
V5	16,917	7,583	16,78	6,007	20,53	6,679	19,08	4,671	19,77	6,82
V5	25,75	8,611	28,53	10,21	23,32	9,435	23,47	5,859	19,79	9,296